3393;2//HELMETS
3022;2
9103;2
3408;2
3394;2
11674;2
3385;2
3391;2
3387;2
3400;2
3396;2
21203;2
7459;2
11689;2
5903;2
3230;2
7458;2
829;2
3365;2
3210;2
3229;2
3390;2
7452;2
10451;2
828;2
7992;2
3573;2
5801;2
827;2
16119;2
16120;2
16121;2
16122;2
16123;2
16124;2
16125;2
16126;2
16127;2
16128;2
16129;2
16130;2
16131;2
16132;2
16133;2
16134;2
16135;2
16137;2
16138;2
16139;2
16140;2
16153;2
20063;2
21179;2
21177;2
20183;2
20184;2
20198;2
20199;2
20200;2
20201;2
20205;2
20202;2
20203;2
20204;2
20206;2
20207;2
19083;2
19082;2
16175;2
21175;2
9376;2
14088;2
21164;2
17813;2
13987;2
16162;2
9373;2
11692;2
9385;2
10391;2
16164;2
21166;2
14250;2
14001;2
21167;2
21180;2
21176;2
21174;2
16161;2
14089;2
14043;2
14040;2
13991;2
12683;2
21170;2
21183;2
13990;2
9304;2
21169;2
21219;2
21178;2
21173;2
21172;2
21171;2
17859;2
17828;2
17824;2
21892;2
21165;2
17852;2
13995;2
14258;2
21168;2
20182;2
14042;2
16160;2
21204;2
21202;2
21201;2
21200;2
21199;2
21198;2
21197;2
21196;2
21195;2
21194;2
21193;2
21186;2
21182;2
21103;2
9399;2
875;2
3574;2
3392;2
5479;2
5741;2
830;2
3369;2
10385;2
8864;2
9653;2
3394;2//ARMOR
3567;2
3381;2
8050;2
8037;2
8049;2
3888;2
8057;2
8039;2
3386;2
3397;2
8054;2
11651;2
8053;2
8043;2
8059;2
824;2
3360;2
8045;2
3370;2
825;2
3366;2
826;2
7463;2
8063;2
8061;2
10438;2
8052;2
811;2
10384;2
10439;2
645;2//LEGS
3382;2
823;2
3364;2
3371;2
822;2
821;2
7464;2
812;2
8863;2
10387;2
3079;2//BOOTS
3556;2
4033;2
7457;2
819;2
3555;2
10323;2
820;2
818;2
3554;2
813;2
10386;2
3437;2//SHIELD
3418;2
3432;2
3429;2
3435;2
3419;2
3421;2
3420;2
3416;2
3422;2
3415;2
3414;2
3436;2
7460;2
3440;2
11688;2
3442;2
3428;2
3434;2
11691;2//SPELLBOOK
8090;2
8072;2
8075;2
8074;2
8073;2
8076;2
7436;2//AXE
3344;2
7412;2
3328;2
3302;2
10388;2
7419;2
7453;2
3320;2
7454;2
3306;2
3315;2
3318;2
7456;2
6553;2
7413;2
7388;2
11657;2
3335;2
3342;2
7414;2//CLUB
7426;2
3348;2
7428;2
7379;2
7427;2
3333;2
3322;2
7430;2
7432;2
3208;2
3332;2
3340;2
7422;2
3310;2
7424;2
7381;2
7421;2
7437;2
7451;2
3324;2
7425;2
3279;2
7404;2//SWORD
7403;2
11693;2
7416;2
7382;2
7402;2
3326;2
3280;2
3281;2
7407;2
3284;2
7386;2
7418;2
3334;2
7383;2
6101;2
7417;2
10389;2
3297;2
3271;2
7408;2
10390;2
7368;2//DISTANCE
8027;2
7438;2
3073;2//WandRod
3072;2
8093;2
3069;2
3071;2
8092;2
8094;2
3074;2
3068;2
3067;2
8083;2
8084;2
3065;2
8082;2
3092;2//ring
3007;2
6299;2
3097;2
3063;2
3063;2
3048;2
3098;2
3006;2
3091;2
3057;2//Amulets
3025;2
10457;2
3019;2
815;2
816;2
9303;2
817;2
3055;2
9302;2
3021;2
3018;2
16118;2
16117;2
3081;2
814;2
10412;2
5706;2//Ferramentas
9598;2
9596;2
9594;2
10296;2//CreatureProducts
9632;2
20062;2
10297;2
5883;2
10299;2
11445;2
11511;2
5894;2
11447;2
5896;2
16115;2
16096;2
21801;2
21800;2
5930;2
5898;2
9645;2
11448;2
11449;2
9633;2
5912;2
9667;2
10404;2
10277;2
10320;2
9646;2
11702;2
11703;2
11451;2
11660;2
9656;2
10418;2
11453;2
11652;2
11452;2
11661;2
5913;2
9689;2
9688;2
10300;2
10275;2
10301;2
9634;2
10302;2
10409;2
10272;2
9638;2
9639;2
11455;2
10410;2
9657;2
10303;2
5906;2
5954;2
6499;2
9647;2
10444;2
11457;2
11658;2
11659;2
10276;2
11465;2
11464;2
9635;2
10306;2
5891;2
11671;2
9636;2
5884;2
5895;2
11466;2
9661;2
9649;2
9655;2
8775;2
10449;2
10280;2
5879;2
9054;2
9053;2
9055;2
5920;2
5877;2
5910;2
11446;2
5925;2
9637;2
10304;2
10415;2
10416;2
5902;2
5892;2
10282;2
6534;2
5880;2
10455;2
11680;2
5876;2
5881;2
10417;2
11454;2
5904;2
10298;2
11489;2
11472;2
5878;2
11474;2
9662;2
9668;2
9660;2
11475;2
10314;2
6126;2
5893;2
10420;2
9664;2
5889;2
5888;2
5887;2
9641;2
11482;2
11491;2
11488;2
11490;2
11487;2
5948;2
5882;2
5911;2
11673;2
9666;2
7290;2
10310;2
5875;2
9694;2
5944;2
10408;2
10309;2
10315;2
11672;2
11666;2
10450;2
10316;2
9685;2
9654;2
10405;2
5909;2
10313;2
9665;2
5914;2
10413;2
10414;2
3732;2//FOOD
3731;2
7439;2//POTIONS
239;2
7443;2
238;2
7642;2
7440;2
7643;2
3061;2//MAGICAL_ITENS
3060;2
5884;2
3034;2
3027;2//VALIOSOS
3041;2
6526;2
3043;2
9067;2
9027;2
9028;2
3010;2
282;2
281;2
9058;2
3038;2
3035;2
3039;2
3042;2
3017;2
3033;2
3028;2
3032;2
678;2
677;2
676;2
675;2
3030;2
3029;2
9057;2
8192;2
3036;2
3026;2
3037;2
9056;2//Decoration
10398;2
9040;2
9035;2
3244;2
23533;2 
23542;2 
23531;2 
23520;2 
23508;2 
23518;2 
23505;2 
23506;2 
23503;2 
23514;2 
23504;2 
23516;2 
23507;2 
23519;2 
23523;2 
23502;2 
23515;2 
23511;2 
23510;2 
21814;2 
21816;2
